P0: 1.0 0.0 0.0 0.0 1.0 0.0 0.0 0.0 1.0 0.0 0.0 0.0
P1: 1.0 0.0 0.0 0.0 1.0 0.0 0.0 0.0 1.0 0.0 0.0 0.0
P2: 1052.580050796486 0.0 625.9413190440815 0.0 0.0 1052.5800507964832 344.1948079264398 0.0 0.0 0.0 1.0 0.0
P3: 1052.580050796486 0.0 625.9413190440815 0.0 0.0 1052.5800507964832 344.1948079264398 0.0 0.0 0.0 1.0 0.0
R_rect 1.0 0.0 0.0 0.0 1.0 0.0 0.0 0.0 1.0
Tr_velo_cam 0.016934703959227502 -0.9998521135564657 -0.002994464640199902 -0.039215943848687304 0.010988638017698078 0.0031808284273851157 -0.9999345639415768 -0.4981925558203114 0.999796212053401 0.016900690730961832 0.011040879334865143 -0.4834780889803544
Tr_imu_velo 1.0 0.0 0.0 0.0 0.0 1.0 0.0 0.0 0.0 0.0 1.0 0.0
