P0: 0.0 0.0 0.0 0.0 0.0 0.0 0.0 0.0 0.0 0.0 0.0 0.0
P1: 0.0 0.0 0.0 0.0 0.0 0.0 0.0 0.0 0.0 0.0 0.0 0.0
P2: 3157.740152389458 0 1877.8239571322447 0 3157.74015238945 1032.5844237793194 0 0 1 
R_rect 1.0 0.0 0.0 0.0 1.0 0.0 0.0 0.0 1.0
Tr_velo_cam: 0.016934703959227502 -0.9998521135564659 -0.002994464640199902 -0.03921594384868731 0.010988638017698078 0.003180828427385116 -0.9999345639415768 -0.4981925558203114 0.999796212053401 0.016900690730961832 0.011040879334865143 -0.4834780889803544 
Tr_imu_velo 1.0 0.0 0.0 0.0 0.0 1.0 0.0 0.0 0.0 0.0 1.0 0.0
